HipHopHead.10.229.1011310:1
HipHopHead.10.292.22166:1
HipHopHead.14.331.51893:1
HipHopHead.17.157:1
HipHopHead.17.318.165205:1
HipHopHead.18.357.1311920:1
HipHopHead.19.350:1
HipHopHead.19.56:1
HipHopHead.20.251:1
HipHopHead.20.90.1542:1
HipHopHead.23.100:1
HipHopHead.23.93:1
HipHopHead.24.344.141205:1
HipHopHead.9.202.21522:1

// take 2

HipHopHead.9.202.21522:1
HipHopHead.10.229.1011310.V2:2
HipHopHead.10.292.1618914:2
HipHopHead.12.99:2
HipHopHead.14.143:2
HipHopHead.14.331.51893:2
HipHopHead.14.363.512625:2
HipHopHead.16.249.16896.V2:2
HipHopHead.17.192.7261:2
HipHopHead.19.56:2
HipHopHead.20.90.781519:2
HipHopHead.22.319:2
HipHopHead.23.324:2
HipHopHead.25.294:2
HipHopHead.29.226.1091310:2
HipHopHead.32.212:2
HipHopHead.32.348:2
HipHopHead.36.308:2
HipHopHead.14.331.1611818:3
HipHopHead.17.318.3121913:3
HipHopHead.25.49.1315194:3
HipHopHead.13.330.181119v3:37
HipHopHead.16.249.16896:37
